49
2RD0.A.pdb 0 0 0 0 0 0 0 0 0 0 0 0 0 0 0 0 0 0 0 0 0 0 0 0 0 0 0 0 0 0 0 0 0 0 0 0 0 0 0 0 0 0 0 0 0 0 0 0 0 
2Y3A.A.pdb 0.0904592 0 0 0 0 0 0 0 0 0 0 0 0 0 0 0 0 0 0 0 0 0 0 0 0 0 0 0 0 0 0 0 0 0 0 0 0 0 0 0 0 0 0 0 0 0 0 0 0 
3HHM.A.pdb 0.0203621 0.0745787 0 0 0 0 0 0 0 0 0 0 0 0 0 0 0 0 0 0 0 0 0 0 0 0 0 0 0 0 0 0 0 0 0 0 0 0 0 0 0 0 0 0 0 0 0 0 0 
3HIZ.A.pdb 0.0263995 0.0886382 0.0153828 0 0 0 0 0 0 0 0 0 0 0 0 0 0 0 0 0 0 0 0 0 0 0 0 0 0 0 0 0 0 0 0 0 0 0 0 0 0 0 0 0 0 0 0 0 0 
4A55.A.pdb 0.0461479 0.0865309 0.0318862 0.0353955 0 0 0 0 0 0 0 0 0 0 0 0 0 0 0 0 0 0 0 0 0 0 0 0 0 0 0 0 0 0 0 0 0 0 0 0 0 0 0 0 0 0 0 0 0 
4JPS.A.pdb 0.0610515 0.0942866 0.0533572 0.0517451 0.0420173 0 0 0 0 0 0 0 0 0 0 0 0 0 0 0 0 0 0 0 0 0 0 0 0 0 0 0 0 0 0 0 0 0 0 0 0 0 0 0 0 0 0 0 0 
4L1B.A.pdb 0.0562714 0.0928842 0.0429927 0.0432181 0.0384457 0.0222903 0 0 0 0 0 0 0 0 0 0 0 0 0 0 0 0 0 0 0 0 0 0 0 0 0 0 0 0 0 0 0 0 0 0 0 0 0 0 0 0 0 0 0 
4L23.A.pdb 0.0470891 0.0909989 0.0487058 0.0501204 0.0353299 0.0271006 0.00208215 0 0 0 0 0 0 0 0 0 0 0 0 0 0 0 0 0 0 0 0 0 0 0 0 0 0 0 0 0 0 0 0 0 0 0 0 0 0 0 0 0 0 
4L2Y.A.pdb 0.0478359 0.0922162 0.0373631 0.0374194 0.0318471 0.0210836 0.00784303 0.00181796 0 0 0 0 0 0 0 0 0 0 0 0 0 0 0 0 0 0 0 0 0 0 0 0 0 0 0 0 0 0 0 0 0 0 0 0 0 0 0 0 0 
4OVU.A.pdb 0.0116087 0.0786501 0.0301024 0.0257342 0.0265241 0.0345266 0.0209238 0.0263536 0.01548 0 0 0 0 0 0 0 0 0 0 0 0 0 0 0 0 0 0 0 0 0 0 0 0 0 0 0 0 0 0 0 0 0 0 0 0 0 0 0 0 
4OVV.A.pdb 0.0139449 0.0792472 0.0308229 0.0268416 0.0250971 0.0339668 0.0235777 0.0286582 0.0171865 0.00548675 0 0 0 0 0 0 0 0 0 0 0 0 0 0 0 0 0 0 0 0 0 0 0 0 0 0 0 0 0 0 0 0 0 0 0 0 0 0 0 
4WAF.A.pdb 0.0454955 0.088903 0.052889 0.0525701 0.0271388 0.00306878 0.0157742 0.0264283 0.0122127 0.034488 0.0338497 0 0 0 0 0 0 0 0 0 0 0 0 0 0 0 0 0 0 0 0 0 0 0 0 0 0 0 0 0 0 0 0 0 0 0 0 0 0 
4YKN.A.pdb 0.0521631 0.0995081 0.071272 0.072463 0.0474259 0.0463691 0.0358679 0.0393783 0.0271234 0.0679696 0.0683284 0.0451552 0 0 0 0 0 0 0 0 0 0 0 0 0 0 0 0 0 0 0 0 0 0 0 0 0 0 0 0 0 0 0 0 0 0 0 0 0 
4ZOP.A.pdb 0.0620213 0.0935514 0.052928 0.0524309 0.0434331 0.00355547 0.0236024 0.0292757 0.0234177 0.0351917 0.0349739 0.00397265 0.046871 0 0 0 0 0 0 0 0 0 0 0 0 0 0 0 0 0 0 0 0 0 0 0 0 0 0 0 0 0 0 0 0 0 0 0 0 
5DXH.A.pdb 0.0487436 0.0809172 0.017698 0.0276983 0.038653 0.053787 0.0568032 0.0468889 0.0528213 0.0347705 0.0335531 0.0375217 0.0493209 0.0521874 0 0 0 0 0 0 0 0 0 0 0 0 0 0 0 0 0 0 0 0 0 0 0 0 0 0 0 0 0 0 0 0 0 0 0 
5DXU.A.pdb 0.0788063 0.0625082 0.0682864 0.0714537 0.0775299 0.0761604 0.0744301 0.0702339 0.0706188 0.0641391 0.0650667 0.0741141 0.0764387 0.0766721 0.0669831 0 0 0 0 0 0 0 0 0 0 0 0 0 0 0 0 0 0 0 0 0 0 0 0 0 0 0 0 0 0 0 0 0 0 
5FI4.A.pdb 0.0523756 0.0938479 0.0507501 0.0496323 0.0325769 0.00715799 0.0216633 0.0284325 0.018766 0.0347786 0.0339752 0.00455952 0.047222 0.00751229 0.0404093 0.0780112 0 0 0 0 0 0 0 0 0 0 0 0 0 0 0 0 0 0 0 0 0 0 0 0 0 0 0 0 0 0 0 0 0 
5ITD.A.pdb 0.0592169 0.0925495 0.0480229 0.0472655 0.0374925 0.00339396 0.022176 0.0230106 0.0219463 0.0306323 0.0302974 0.00205747 0.041275 0.00338015 0.0504905 0.0765351 0.00591574 0 0 0 0 0 0 0 0 0 0 0 0 0 0 0 0 0 0 0 0 0 0 0 0 0 0 0 0 0 0 0 0 
5M6U.A.pdb 0.0758309 0.0612188 0.0641193 0.0661038 0.0711338 0.0678728 0.0627215 0.059647 0.0593105 0.0568495 0.0573017 0.0661907 0.0676854 0.0675181 0.0641402 0.0214303 0.0698935 0.0674321 0 0 0 0 0 0 0 0 0 0 0 0 0 0 0 0 0 0 0 0 0 0 0 0 0 0 0 0 0 0 0 
5SW8.A.pdb 0.0304075 0.0797389 0.0433548 0.0460068 0.0308795 0.0424893 0.0329184 0.0392864 0.0273385 0.0250295 0.0243124 0.0417609 0.0584323 0.0429044 0.0352525 0.0721716 0.0418866 0.0377426 0.0638058 0 0 0 0 0 0 0 0 0 0 0 0 0 0 0 0 0 0 0 0 0 0 0 0 0 0 0 0 0 0 
5SWG.A.pdb 0.0260223 0.0770979 0.0421693 0.0424936 0.0260333 0.0341774 0.0237146 0.0297567 0.0167575 0.0221895 0.0232911 0.0340511 0.0632746 0.0350848 0.0327992 0.0649839 0.0342036 0.0302513 0.0569076 0.0088535 0 0 0 0 0 0 0 0 0 0 0 0 0 0 0 0 0 0 0 0 0 0 0 0 0 0 0 0 0 
5SWO.A.pdb 0.0263408 0.0775368 0.0405817 0.0410035 0.0262881 0.0341088 0.0220876 0.0269803 0.016545 0.0203204 0.0222522 0.0340141 0.0699421 0.0345606 0.0323968 0.0640078 0.0343661 0.0301272 0.0564361 0.00768107 0.000942864 0 0 0 0 0 0 0 0 0 0 0 0 0 0 0 0 0 0 0 0 0 0 0 0 0 0 0 0 
5SWP.A.pdb 0.0268416 0.0789054 0.0414647 0.0411923 0.0264901 0.0330367 0.0209641 0.0258159 0.0163456 0.0205498 0.0216015 0.0329187 0.0761887 0.0334214 0.0349295 0.0651708 0.0332807 0.0294808 0.0575834 0.00865739 0.00207494 0.00262766 0 0 0 0 0 0 0 0 0 0 0 0 0 0 0 0 0 0 0 0 0 0 0 0 0 0 0 
5SWR.A.pdb 0.0261868 0.0773022 0.0409995 0.0410112 0.0263185 0.0345832 0.0227347 0.0275501 0.0166595 0.0219554 0.0223914 0.0347995 0.0704965 0.0355542 0.0330517 0.0646605 0.0348523 0.0306777 0.0570329 0.00867105 0.00188408 0.0045233 0.000845382 0 0 0 0 0 0 0 0 0 0 0 0 0 0 0 0 0 0 0 0 0 0 0 0 0 0 
5SWT.A.pdb 0.026441 0.078333 0.0411483 0.0411981 0.0272905 0.0330509 0.0217111 0.0266222 0.0166531 0.0225758 0.0229539 0.0328696 0.0753223 0.0334797 0.0337418 0.064813 0.0336701 0.0295001 0.0571312 0.00804454 0.00298587 0.00406977 0.00194376 0.00176745 0 0 0 0 0 0 0 0 0 0 0 0 0 0 0 0 0 0 0 0 0 0 0 0 0 
5SX8.A.pdb 0.0274723 0.0782949 0.0413553 0.0420233 0.0263714 0.0339182 0.023108 0.0297557 0.0186963 0.0231003 0.0221677 0.0339981 0.0719074 0.034127 0.0343272 0.064569 0.0342752 0.0302018 0.0574808 0.00801886 0.00284619 0.00554163 0.00201314 0.00632804 0.00410908 0 0 0 0 0 0 0 0 0 0 0 0 0 0 0 0 0 0 0 0 0 0 0 0 
5SX9.A.pdb 0.0295584 0.0806123 0.0457353 0.0460508 0.0305633 0.0382305 0.0297359 0.0345328 0.0214601 0.0315732 0.0300122 0.0389551 0.0691819 0.0403721 0.0367925 0.0658332 0.0396495 0.0354067 0.0588565 0.0125889 0.00991523 0.00727926 0.00257748 0.00441593 0.00254605 0.0055127 0 0 0 0 0 0 0 0 0 0 0 0 0 0 0 0 0 0 0 0 0 0 0 
5SXA.A.pdb 0.0272962 0.0775793 0.0421506 0.0429428 0.0300427 0.0364362 0.0258169 0.0315739 0.0218749 0.0291419 0.0295342 0.0358122 0.0734853 0.0370135 0.0336718 0.0676433 0.0359408 0.0320073 0.059429 0.0083166 0.011973 0.0147888 0.0112206 0.0151319 0.0113413 0.0124174 0.016033 0 0 0 0 0 0 0 0 0 0 0 0 0 0 0 0 0 0 0 0 0 0 
5SXB.A.pdb 0.0257831 0.0768804 0.0405036 0.0406384 0.027239 0.0322978 0.0215084 0.0263337 0.0168546 0.0229009 0.0234878 0.0316702 0.0749382 0.0322436 0.0321285 0.0637004 0.0321366 0.0280389 0.0561775 0.00689707 0.00360837 0.00493922 0.0042063 0.00309614 0.00356519 0.00546767 0.00423385 0.00905531 0 0 0 0 0 0 0 0 0 0 0 0 0 0 0 0 0 0 0 0 0 
5SXC.A.pdb 0.027374 0.0776779 0.0424801 0.0430235 0.0284295 0.0397283 0.02964 0.0341533 0.0217243 0.0236996 0.0250188 0.039261 0.0631771 0.0407699 0.0330113 0.0649284 0.0395592 0.0355898 0.0573773 0.00991121 0.00722979 0.00215661 0.00224255 0.00188501 0.00171184 0.00562569 0.00603057 0.00847417 0.000830656 0 0 0 0 0 0 0 0 0 0 0 0 0 0 0 0 0 0 0 0 
5SXD.A.pdb 0.0272466 0.0769454 0.0419907 0.04295 0.027242 0.0355435 0.0247501 0.0295099 0.0187681 0.0261429 0.0248659 0.0353743 0.0705843 0.0362718 0.0336533 0.0650546 0.0357102 0.0313648 0.0576247 0.00752897 0.00521302 0.007169 0.00155779 0.00408911 0.000930089 0.00566145 0.00466067 0.013229 0.000849541 0.0009025 0 0 0 0 0 0 0 0 0 0 0 0 0 0 0 0 0 0 0 
5SXE.A.pdb 0.0278442 0.0781833 0.0426977 0.0438869 0.0301044 0.0389795 0.0283681 0.0331596 0.0221221 0.0293947 0.0280341 0.0388263 0.0691391 0.0402868 0.0345924 0.0661514 0.0389835 0.0347703 0.0591492 0.00893273 0.00826617 0.00784834 0.00147482 0.0027888 0.00109792 0.00590881 0.00441074 0.0132896 0.0024171 0.00293958 0.00263577 0 0 0 0 0 0 0 0 0 0 0 0 0 0 0 0 0 0 
5SXF.A.pdb 0.0321127 0.081239 0.0422955 0.0485064 0.0320207 0.0420802 0.0347095 0.0416511 0.0261069 0.0223882 0.0218078 0.0428308 0.055889 0.0441113 0.0368469 0.0658081 0.0437309 0.0392462 0.0599037 0.0134862 0.00319402 0.00310448 0.00241273 0.00214473 0.00217681 0.00176485 0.00144226 0.00779617 0.00278059 0.00494289 0.00256878 0.00193385 0 0 0 0 0 0 0 0 0 0 0 0 0 0 0 0 0 
5SXI.A.pdb 0.0260781 0.0771338 0.0424249 0.0428457 0.0290413 0.0359016 0.0246316 0.0293993 0.019406 0.0235875 0.0257516 0.0353513 0.065314 0.0369545 0.0324095 0.063622 0.0352522 0.0318017 0.0569372 0.0122697 0.00944221 0.00573187 0.00385786 0.004814 0.00330448 0.00809716 0.00985937 0.0097135 0.00229736 0.00552329 0.00492415 0.00601198 0.00669397 0 0 0 0 0 0 0 0 0 0 0 0 0 0 0 0 
5SXJ.A.pdb 0.0301978 0.0803355 0.0439596 0.0430518 0.0278848 0.0418165 0.0301212 0.0364622 0.0240497 0.0309381 0.0328475 0.0412095 0.0670394 0.0427116 0.0342553 0.068901 0.0411272 0.0375337 0.0610664 0.0143804 0.0145728 0.0110162 0.00858388 0.0103294 0.00867757 0.00938171 0.0143957 0.00617327 0.00824397 0.01338 0.0091862 0.0126969 0.00768761 0.0173322 0 0 0 0 0 0 0 0 0 0 0 0 0 0 0 
5SXK.A.pdb 0.0268137 0.0772192 0.0414783 0.041473 0.0266136 0.0342465 0.0232139 0.0286244 0.0177819 0.0225748 0.0228498 0.0343083 0.0728012 0.035016 0.0334019 0.0643458 0.0345712 0.0307715 0.0571038 0.00832643 0.00195899 0.00555468 0.00216615 0.00367773 0.00324083 0.00522715 0.00547061 0.0130919 0.00618407 0.00500034 0.00610448 0.00604484 0.00202185 0.00816675 0.00870117 0 0 0 0 0 0 0 0 0 0 0 0 0 0 
5T8F.A.pdb 0.0786382 0.0636001 0.0679212 0.0704684 0.0783179 0.0757856 0.0750751 0.0707658 0.0710955 0.065146 0.0659834 0.0742698 0.0772606 0.0762135 0.0667149 0.0016083 0.0781199 0.0761241 0.0227325 0.0729548 0.0658362 0.0650169 0.0661014 0.0656216 0.0657176 0.0655215 0.0667573 0.0685818 0.0647571 0.0659407 0.0660945 0.0670244 0.0666729 0.0649464 0.0698525 0.0652259 0 0 0 0 0 0 0 0 0 0 0 0 0 
5UBT.A.pdb 0.0781714 0.061701 0.0679364 0.0700467 0.0766967 0.072672 0.0716992 0.068531 0.0679225 0.0626723 0.0639411 0.0711586 0.0737081 0.0718578 0.0657259 0.00940747 0.0735511 0.0719 0.0211854 0.0696252 0.0632823 0.0625177 0.0637367 0.0630318 0.0633035 0.0632323 0.0647928 0.0649948 0.0619488 0.0635678 0.0638638 0.0650688 0.0652348 0.0620188 0.066981 0.0628708 0.0107856 0 0 0 0 0 0 0 0 0 0 0 0 
5UK8.A.pdb 0.0518669 0.0899135 0.0495309 0.048037 0.0333095 0.0058535 0.0182565 0.0250534 0.0143528 0.0323595 0.031994 0.00428055 0.04365 0.00759414 0.040674 0.0709809 0.0105895 0.00475694 0.0624521 0.0394641 0.0319633 0.0315847 0.0304725 0.0327955 0.0305357 0.0310311 0.0371113 0.0341348 0.0292928 0.0371651 0.0335223 0.0369603 0.0408053 0.03339 0.0389631 0.0320499 0.0710882 0.0675218 0 0 0 0 0 0 0 0 0 0 0 
5UKJ.A.pdb 0.0489538 0.0846471 0.0439845 0.0448618 0.0316994 0.0108845 0.0151512 0.0232038 0.00884746 0.0292593 0.0288703 0.00925206 0.0393722 0.011353 0.0356024 0.0699042 0.0162867 0.00799865 0.0599375 0.0352223 0.0281519 0.028112 0.0289266 0.029018 0.0279176 0.0293414 0.0340456 0.0328482 0.027906 0.0335327 0.0301827 0.034019 0.0379248 0.0316177 0.0348485 0.0290257 0.0699794 0.0666373 0.00918857 0 0 0 0 0 0 0 0 0 0 
5UL1.A.pdb 0.0523858 0.0871548 0.0420808 0.0404364 0.0336519 0.0153278 0.02016 0.0196545 0.0129319 0.0267165 0.0263989 0.00471582 0.036761 0.0174208 0.0392623 0.0700628 0.00972342 0.0113287 0.0602254 0.0330621 0.0263286 0.0262633 0.0268418 0.0268939 0.0268827 0.0274891 0.0312132 0.0310752 0.0270723 0.0315847 0.0284528 0.0324078 0.0350903 0.0296578 0.0328783 0.0269018 0.0702842 0.0662802 0.005076 0.00195695 0 0 0 0 0 0 0 0 0 
5VLR.A.pdb 0.0813728 0.0630455 0.0724808 0.0752646 0.0800852 0.0739331 0.0744604 0.0699858 0.070716 0.064602 0.0664032 0.0720929 0.0758248 0.0735905 0.0708055 0.013399 0.0757542 0.0733176 0.0193393 0.0728355 0.0655124 0.0647675 0.0659841 0.0653511 0.0655381 0.0658005 0.0675499 0.0682298 0.0643324 0.0664072 0.0664455 0.0679005 0.0679176 0.0644576 0.0697774 0.0650376 0.0126618 0.00240431 0.0683954 0.0676934 0.0689109 0 0 0 0 0 0 0 0 
5XGH.A.pdb 0.0575188 0.0948649 0.0435167 0.0439861 0.0430974 0.0264813 0.00962276 0.00231971 0.0118355 0.0206552 0.0230493 0.0214626 0.0368721 0.0257829 0.0610098 0.0753396 0.0276651 0.0248908 0.0610979 0.0333927 0.0240069 0.0214468 0.0203618 0.0219377 0.0207841 0.0234357 0.0286751 0.026558 0.020841 0.0288574 0.0237417 0.0273529 0.0357852 0.0248157 0.031125 0.0232093 0.0752191 0.0691436 0.0236796 0.0197691 0.0247753 0.0728032 0 0 0 0 0 0 0 
5XGI.A.pdb 0.0514233 0.0968895 0.052216 0.0526814 0.0399432 0.0296214 0.00450081 0.0035209 0.00329129 0.0300657 0.0322423 0.0280307 0.0361565 0.0309931 0.0521308 0.0714792 0.0313931 0.0253572 0.0606107 0.0427296 0.0336036 0.0309889 0.0298678 0.0316315 0.0305077 0.0329137 0.0381461 0.0355426 0.0305551 0.0380781 0.0332794 0.0371535 0.0450856 0.0333708 0.0399338 0.0327832 0.0719705 0.0687332 0.0269771 0.0254655 0.0209848 0.0715145 0.00256399 0 0 0 0 0 0 
5XGJ.A.pdb 0.0508298 0.0987534 0.0401282 0.0420016 0.0383196 0.0221551 0.00729655 0.0053831 0.0125346 0.0180377 0.0208424 0.0165176 0.0346021 0.0210612 0.057534 0.0782165 0.0227403 0.0205853 0.0640382 0.0301949 0.0204349 0.0190441 0.0180751 0.0196271 0.018602 0.01983 0.0267502 0.0233133 0.0184846 0.0266711 0.0216414 0.0253583 0.0313375 0.022597 0.0275585 0.0201815 0.0781266 0.0709192 0.019443 0.014848 0.0219728 0.0732829 0.00397455 0.00750898 0 0 0 0 0 
6G6W.A.pdb 0.077815 0.0644052 0.0666923 0.0688864 0.0744992 0.072572 0.0710788 0.0673043 0.0669077 0.0612025 0.0615543 0.0699247 0.0732612 0.0729489 0.0638803 0.0105799 0.0744431 0.0726673 0.0149133 0.0682635 0.061305 0.06069 0.0616962 0.0611041 0.0613472 0.0610777 0.0622055 0.063729 0.0602403 0.0614028 0.0615874 0.0625554 0.0622247 0.060483 0.0648111 0.0607336 0.0110377 0.00880153 0.0666227 0.0657936 0.0654671 0.0161772 0.0710268 0.0680565 0.0731053 0 0 0 0 
6NCT.A.pdb 0.0240768 0.0791258 0.0398083 0.0396515 0.0289897 0.0336777 0.0265786 0.0328128 0.0224027 0.0257632 0.026374 0.0333283 0.0612776 0.034104 0.0299138 0.0667181 0.0334104 0.0294711 0.0599541 0.00843084 0.0122 0.0111952 0.0111056 0.0119282 0.0103056 0.011216 0.0174761 0.0103521 0.00809881 0.0141238 0.0124521 0.0130976 0.0102859 0.0132419 0.021137 0.0119444 0.067657 0.0646403 0.0312129 0.0306448 0.0283309 0.067579 0.0276726 0.0366345 0.024246 0.0635708 0 0 0 
6PYR.A.pdb 0.0854396 0.069771 0.0718643 0.07626 0.0823801 0.0832724 0.0808721 0.0755738 0.0771738 0.0688249 0.0704283 0.0784189 0.0799708 0.0829132 0.0703215 0.00715149 0.0823753 0.0824324 0.0204271 0.0770131 0.069406 0.0686894 0.0697883 0.069117 0.0693987 0.0693784 0.0718786 0.0719366 0.068188 0.0700127 0.0701049 0.0711054 0.0723608 0.0683622 0.0737296 0.0688762 0.00744153 0.00692306 0.0759269 0.0748843 0.0760611 0.010851 0.0819278 0.0772959 0.0834418 0.0107554 0.0708884 0 0 
6PYU.A.pdb 0.0815127 0.063974 0.0669493 0.0701096 0.0771416 0.0779926 0.076241 0.0724396 0.0722172 0.0665721 0.0668082 0.0753659 0.0779979 0.078195 0.0654104 0.00856756 0.0798039 0.0778153 0.0160014 0.0735615 0.0666829 0.0660483 0.0670033 0.0663622 0.0666366 0.0664765 0.0675883 0.0690502 0.0655932 0.066668 0.0669514 0.0678752 0.0676043 0.0657963 0.0701457 0.0660103 0.00794716 0.0087335 0.0719478 0.0708379 0.0705674 0.0159913 0.0762605 0.0733512 0.0781012 0.00487552 0.0686942 0.0129277 0 
